{
 "cells": [
  {
   "cell_type": "markdown",
   "metadata": {},
   "source": [
    "##Capstone project Data Science "
   ]
  },
  {
   "cell_type": "code",
   "execution_count": 1,
   "metadata": {},
   "outputs": [
    {
     "name": "stdout",
     "output_type": "stream",
     "text": [
      "Folium installed and imported!\n",
      "Hello Capstone Project Course!\n"
     ]
    }
   ],
   "source": [
    "%matplotlib inline\n",
    "\n",
    "import matplotlib as mpl\n",
    "import matplotlib.path as mpltPath\n",
    "import pandas as pd\n",
    "import numpy as np\n",
    "\n",
    "import folium\n",
    "from folium import plugins\n",
    "\n",
    "print('Folium installed and imported!')\n",
    "\n",
    "print(\"Hello Capstone Project Course!\")"
   ]
  },
  {
   "cell_type": "code",
   "execution_count": 2,
   "metadata": {},
   "outputs": [
    {
     "name": "stderr",
     "output_type": "stream",
     "text": [
      "/home/jupyterlab/conda/envs/python/lib/python3.6/site-packages/IPython/core/interactiveshell.py:3072: DtypeWarning: Columns (33) have mixed types.Specify dtype option on import or set low_memory=False.\n",
      "  interactivity=interactivity, compiler=compiler, result=result)\n"
     ]
    },
    {
     "name": "stdout",
     "output_type": "stream",
     "text": [
      "Data downloaded and read into a dataframe!\n"
     ]
    }
   ],
   "source": [
    "crash_data = pd.read_csv('https://s3.us.cloud-object-storage.appdomain.cloud/cf-courses-data/CognitiveClass/DP0701EN/version-2/Data-Collisions.csv')\n",
    "\n",
    "print('Data downloaded and read into a dataframe!')"
   ]
  },
  {
   "cell_type": "code",
   "execution_count": 3,
   "metadata": {},
   "outputs": [
    {
     "data": {
      "text/plain": [
       "SEVERITYCODE           0\n",
       "X                   5334\n",
       "Y                   5334\n",
       "OBJECTID               0\n",
       "INCKEY                 0\n",
       "COLDETKEY              0\n",
       "REPORTNO               0\n",
       "STATUS                 0\n",
       "ADDRTYPE            1926\n",
       "INTKEY            129603\n",
       "LOCATION            2677\n",
       "EXCEPTRSNCODE     109862\n",
       "EXCEPTRSNDESC     189035\n",
       "SEVERITYCODE.1         0\n",
       "SEVERITYDESC           0\n",
       "COLLISIONTYPE       4904\n",
       "PERSONCOUNT            0\n",
       "PEDCOUNT               0\n",
       "PEDCYLCOUNT            0\n",
       "VEHCOUNT               0\n",
       "INCDATE                0\n",
       "INCDTTM                0\n",
       "JUNCTIONTYPE        6329\n",
       "SDOT_COLCODE           0\n",
       "SDOT_COLDESC           0\n",
       "INATTENTIONIND    164868\n",
       "UNDERINFL           4884\n",
       "WEATHER             5081\n",
       "ROADCOND            5012\n",
       "LIGHTCOND           5170\n",
       "PEDROWNOTGRNT     190006\n",
       "SDOTCOLNUM         79737\n",
       "SPEEDING          185340\n",
       "ST_COLCODE            18\n",
       "ST_COLDESC          4904\n",
       "SEGLANEKEY             0\n",
       "CROSSWALKKEY           0\n",
       "HITPARKEDCAR           0\n",
       "dtype: int64"
      ]
     },
     "execution_count": 3,
     "metadata": {},
     "output_type": "execute_result"
    }
   ],
   "source": [
    "#Change Collisontype and a number of fields into numerical data so correlations can be drawn\n",
    "#Dummy variables\n",
    "\n",
    "crash_data.isnull().sum()"
   ]
  },
  {
   "cell_type": "code",
   "execution_count": 4,
   "metadata": {},
   "outputs": [
    {
     "data": {
      "text/plain": [
       "SEVERITYCODE        int64\n",
       "X                 float64\n",
       "Y                 float64\n",
       "OBJECTID            int64\n",
       "INCKEY              int64\n",
       "COLDETKEY           int64\n",
       "REPORTNO           object\n",
       "STATUS             object\n",
       "ADDRTYPE           object\n",
       "INTKEY            float64\n",
       "LOCATION           object\n",
       "EXCEPTRSNCODE      object\n",
       "EXCEPTRSNDESC      object\n",
       "SEVERITYCODE.1      int64\n",
       "SEVERITYDESC       object\n",
       "COLLISIONTYPE      object\n",
       "PERSONCOUNT         int64\n",
       "PEDCOUNT            int64\n",
       "PEDCYLCOUNT         int64\n",
       "VEHCOUNT            int64\n",
       "INCDATE            object\n",
       "INCDTTM            object\n",
       "JUNCTIONTYPE       object\n",
       "SDOT_COLCODE        int64\n",
       "SDOT_COLDESC       object\n",
       "INATTENTIONIND     object\n",
       "UNDERINFL          object\n",
       "WEATHER            object\n",
       "ROADCOND           object\n",
       "LIGHTCOND          object\n",
       "PEDROWNOTGRNT      object\n",
       "SDOTCOLNUM        float64\n",
       "SPEEDING           object\n",
       "ST_COLCODE         object\n",
       "ST_COLDESC         object\n",
       "SEGLANEKEY          int64\n",
       "CROSSWALKKEY        int64\n",
       "HITPARKEDCAR       object\n",
       "dtype: object"
      ]
     },
     "execution_count": 4,
     "metadata": {},
     "output_type": "execute_result"
    }
   ],
   "source": [
    "# clean up the dataset to remove unnecessary columns (eg. REG) \n",
    "#crash_data.drop(['INCKEY','OBJECTID','COLDETKEY','SDOTCOLNUM'], axis=1, inplace=True)\n",
    "\n",
    "\n",
    "# for sake of consistency, let's also make all column labels of type string\n",
    "crash_data.columns = list(map(str, crash_data.columns))\n",
    "\n",
    "#Remove Missing Lightcondition\n",
    "# simply drop whole row with NaN in \"price\" column\n",
    "crash_data.dropna(subset=[\"LIGHTCOND\"], axis=0, inplace=True)\n",
    "\n",
    "# reset index, because we droped two rows\n",
    "crash_data.reset_index(drop=True, inplace=True)\n",
    "\n",
    "crash_data.dtypes\n"
   ]
  },
  {
   "cell_type": "code",
   "execution_count": 5,
   "metadata": {},
   "outputs": [
    {
     "data": {
      "text/html": [
       "<div>\n",
       "<style scoped>\n",
       "    .dataframe tbody tr th:only-of-type {\n",
       "        vertical-align: middle;\n",
       "    }\n",
       "\n",
       "    .dataframe tbody tr th {\n",
       "        vertical-align: top;\n",
       "    }\n",
       "\n",
       "    .dataframe thead th {\n",
       "        text-align: right;\n",
       "    }\n",
       "</style>\n",
       "<table border=\"1\" class=\"dataframe\">\n",
       "  <thead>\n",
       "    <tr style=\"text-align: right;\">\n",
       "      <th></th>\n",
       "      <th>Alley</th>\n",
       "      <th>Block</th>\n",
       "      <th>Intersection</th>\n",
       "      <th>Angles</th>\n",
       "      <th>Cycles</th>\n",
       "      <th>Head On</th>\n",
       "      <th>Left Turn</th>\n",
       "      <th>Other</th>\n",
       "      <th>Parked Car</th>\n",
       "      <th>Pedestrian</th>\n",
       "      <th>Rear Ended</th>\n",
       "      <th>Right Turn</th>\n",
       "      <th>Sideswipe</th>\n",
       "      <th>SEVERITYCODE</th>\n",
       "    </tr>\n",
       "  </thead>\n",
       "  <tbody>\n",
       "    <tr>\n",
       "      <th>Alley</th>\n",
       "      <td>1.000000</td>\n",
       "      <td>-0.085877</td>\n",
       "      <td>-0.044600</td>\n",
       "      <td>-0.017274</td>\n",
       "      <td>-0.006717</td>\n",
       "      <td>-0.002413</td>\n",
       "      <td>-0.017534</td>\n",
       "      <td>0.049225</td>\n",
       "      <td>0.026556</td>\n",
       "      <td>0.005086</td>\n",
       "      <td>-0.026990</td>\n",
       "      <td>-0.007904</td>\n",
       "      <td>-0.016180</td>\n",
       "      <td>-0.026552</td>\n",
       "    </tr>\n",
       "    <tr>\n",
       "      <th>Block</th>\n",
       "      <td>-0.085877</td>\n",
       "      <td>1.000000</td>\n",
       "      <td>-0.970433</td>\n",
       "      <td>-0.484351</td>\n",
       "      <td>-0.081291</td>\n",
       "      <td>0.027271</td>\n",
       "      <td>-0.291048</td>\n",
       "      <td>0.135314</td>\n",
       "      <td>0.354953</td>\n",
       "      <td>-0.147477</td>\n",
       "      <td>0.214220</td>\n",
       "      <td>-0.062279</td>\n",
       "      <td>0.090510</td>\n",
       "      <td>-0.186691</td>\n",
       "    </tr>\n",
       "    <tr>\n",
       "      <th>Intersection</th>\n",
       "      <td>-0.044600</td>\n",
       "      <td>-0.970433</td>\n",
       "      <td>1.000000</td>\n",
       "      <td>0.498942</td>\n",
       "      <td>0.086164</td>\n",
       "      <td>-0.025760</td>\n",
       "      <td>0.300600</td>\n",
       "      <td>-0.141354</td>\n",
       "      <td>-0.379300</td>\n",
       "      <td>0.151818</td>\n",
       "      <td>-0.210298</td>\n",
       "      <td>0.065028</td>\n",
       "      <td>-0.087653</td>\n",
       "      <td>0.201167</td>\n",
       "    </tr>\n",
       "    <tr>\n",
       "      <th>Angles</th>\n",
       "      <td>-0.017274</td>\n",
       "      <td>-0.484351</td>\n",
       "      <td>0.498942</td>\n",
       "      <td>1.000000</td>\n",
       "      <td>-0.081065</td>\n",
       "      <td>-0.049077</td>\n",
       "      <td>-0.131989</td>\n",
       "      <td>-0.178646</td>\n",
       "      <td>-0.274923</td>\n",
       "      <td>-0.089830</td>\n",
       "      <td>-0.221363</td>\n",
       "      <td>-0.059501</td>\n",
       "      <td>-0.155948</td>\n",
       "      <td>0.094415</td>\n",
       "    </tr>\n",
       "    <tr>\n",
       "      <th>Cycles</th>\n",
       "      <td>-0.006717</td>\n",
       "      <td>-0.081291</td>\n",
       "      <td>0.086164</td>\n",
       "      <td>-0.081065</td>\n",
       "      <td>1.000000</td>\n",
       "      <td>-0.017788</td>\n",
       "      <td>-0.047839</td>\n",
       "      <td>-0.064750</td>\n",
       "      <td>-0.099646</td>\n",
       "      <td>-0.032559</td>\n",
       "      <td>-0.080233</td>\n",
       "      <td>-0.021566</td>\n",
       "      <td>-0.056523</td>\n",
       "      <td>0.214749</td>\n",
       "    </tr>\n",
       "    <tr>\n",
       "      <th>Head On</th>\n",
       "      <td>-0.002413</td>\n",
       "      <td>0.027271</td>\n",
       "      <td>-0.025760</td>\n",
       "      <td>-0.049077</td>\n",
       "      <td>-0.017788</td>\n",
       "      <td>1.000000</td>\n",
       "      <td>-0.028962</td>\n",
       "      <td>-0.039200</td>\n",
       "      <td>-0.060326</td>\n",
       "      <td>-0.019711</td>\n",
       "      <td>-0.048574</td>\n",
       "      <td>-0.013056</td>\n",
       "      <td>-0.034219</td>\n",
       "      <td>0.029312</td>\n",
       "    </tr>\n",
       "    <tr>\n",
       "      <th>Left Turn</th>\n",
       "      <td>-0.017534</td>\n",
       "      <td>-0.291048</td>\n",
       "      <td>0.300600</td>\n",
       "      <td>-0.131989</td>\n",
       "      <td>-0.047839</td>\n",
       "      <td>-0.028962</td>\n",
       "      <td>1.000000</td>\n",
       "      <td>-0.105425</td>\n",
       "      <td>-0.162242</td>\n",
       "      <td>-0.053012</td>\n",
       "      <td>-0.130635</td>\n",
       "      <td>-0.035114</td>\n",
       "      <td>-0.092031</td>\n",
       "      <td>0.057031</td>\n",
       "    </tr>\n",
       "    <tr>\n",
       "      <th>Other</th>\n",
       "      <td>0.049225</td>\n",
       "      <td>0.135314</td>\n",
       "      <td>-0.141354</td>\n",
       "      <td>-0.178646</td>\n",
       "      <td>-0.064750</td>\n",
       "      <td>-0.039200</td>\n",
       "      <td>-0.105425</td>\n",
       "      <td>1.000000</td>\n",
       "      <td>-0.219594</td>\n",
       "      <td>-0.071751</td>\n",
       "      <td>-0.176813</td>\n",
       "      <td>-0.047526</td>\n",
       "      <td>-0.124563</td>\n",
       "      <td>-0.035732</td>\n",
       "    </tr>\n",
       "    <tr>\n",
       "      <th>Parked Car</th>\n",
       "      <td>0.026556</td>\n",
       "      <td>0.354953</td>\n",
       "      <td>-0.379300</td>\n",
       "      <td>-0.274923</td>\n",
       "      <td>-0.099646</td>\n",
       "      <td>-0.060326</td>\n",
       "      <td>-0.162242</td>\n",
       "      <td>-0.219594</td>\n",
       "      <td>1.000000</td>\n",
       "      <td>-0.110420</td>\n",
       "      <td>-0.272103</td>\n",
       "      <td>-0.073140</td>\n",
       "      <td>-0.191693</td>\n",
       "      <td>-0.311365</td>\n",
       "    </tr>\n",
       "    <tr>\n",
       "      <th>Pedestrian</th>\n",
       "      <td>0.005086</td>\n",
       "      <td>-0.147477</td>\n",
       "      <td>0.151818</td>\n",
       "      <td>-0.089830</td>\n",
       "      <td>-0.032559</td>\n",
       "      <td>-0.019711</td>\n",
       "      <td>-0.053012</td>\n",
       "      <td>-0.071751</td>\n",
       "      <td>-0.110420</td>\n",
       "      <td>1.000000</td>\n",
       "      <td>-0.088908</td>\n",
       "      <td>-0.023898</td>\n",
       "      <td>-0.062635</td>\n",
       "      <td>0.247090</td>\n",
       "    </tr>\n",
       "    <tr>\n",
       "      <th>Rear Ended</th>\n",
       "      <td>-0.026990</td>\n",
       "      <td>0.214220</td>\n",
       "      <td>-0.210298</td>\n",
       "      <td>-0.221363</td>\n",
       "      <td>-0.080233</td>\n",
       "      <td>-0.048574</td>\n",
       "      <td>-0.130635</td>\n",
       "      <td>-0.176813</td>\n",
       "      <td>-0.272103</td>\n",
       "      <td>-0.088908</td>\n",
       "      <td>1.000000</td>\n",
       "      <td>-0.058891</td>\n",
       "      <td>-0.154348</td>\n",
       "      <td>0.131754</td>\n",
       "    </tr>\n",
       "    <tr>\n",
       "      <th>Right Turn</th>\n",
       "      <td>-0.007904</td>\n",
       "      <td>-0.062279</td>\n",
       "      <td>0.065028</td>\n",
       "      <td>-0.059501</td>\n",
       "      <td>-0.021566</td>\n",
       "      <td>-0.013056</td>\n",
       "      <td>-0.035114</td>\n",
       "      <td>-0.047526</td>\n",
       "      <td>-0.073140</td>\n",
       "      <td>-0.023898</td>\n",
       "      <td>-0.058891</td>\n",
       "      <td>1.000000</td>\n",
       "      <td>-0.041488</td>\n",
       "      <td>-0.026163</td>\n",
       "    </tr>\n",
       "    <tr>\n",
       "      <th>Sideswipe</th>\n",
       "      <td>-0.016180</td>\n",
       "      <td>0.090510</td>\n",
       "      <td>-0.087653</td>\n",
       "      <td>-0.155948</td>\n",
       "      <td>-0.056523</td>\n",
       "      <td>-0.034219</td>\n",
       "      <td>-0.092031</td>\n",
       "      <td>-0.124563</td>\n",
       "      <td>-0.191693</td>\n",
       "      <td>-0.062635</td>\n",
       "      <td>-0.154348</td>\n",
       "      <td>-0.041488</td>\n",
       "      <td>1.000000</td>\n",
       "      <td>-0.119868</td>\n",
       "    </tr>\n",
       "    <tr>\n",
       "      <th>SEVERITYCODE</th>\n",
       "      <td>-0.026552</td>\n",
       "      <td>-0.186691</td>\n",
       "      <td>0.201167</td>\n",
       "      <td>0.094415</td>\n",
       "      <td>0.214749</td>\n",
       "      <td>0.029312</td>\n",
       "      <td>0.057031</td>\n",
       "      <td>-0.035732</td>\n",
       "      <td>-0.311365</td>\n",
       "      <td>0.247090</td>\n",
       "      <td>0.131754</td>\n",
       "      <td>-0.026163</td>\n",
       "      <td>-0.119868</td>\n",
       "      <td>1.000000</td>\n",
       "    </tr>\n",
       "  </tbody>\n",
       "</table>\n",
       "</div>"
      ],
      "text/plain": [
       "                 Alley     Block  Intersection    Angles    Cycles   Head On  \\\n",
       "Alley         1.000000 -0.085877     -0.044600 -0.017274 -0.006717 -0.002413   \n",
       "Block        -0.085877  1.000000     -0.970433 -0.484351 -0.081291  0.027271   \n",
       "Intersection -0.044600 -0.970433      1.000000  0.498942  0.086164 -0.025760   \n",
       "Angles       -0.017274 -0.484351      0.498942  1.000000 -0.081065 -0.049077   \n",
       "Cycles       -0.006717 -0.081291      0.086164 -0.081065  1.000000 -0.017788   \n",
       "Head On      -0.002413  0.027271     -0.025760 -0.049077 -0.017788  1.000000   \n",
       "Left Turn    -0.017534 -0.291048      0.300600 -0.131989 -0.047839 -0.028962   \n",
       "Other         0.049225  0.135314     -0.141354 -0.178646 -0.064750 -0.039200   \n",
       "Parked Car    0.026556  0.354953     -0.379300 -0.274923 -0.099646 -0.060326   \n",
       "Pedestrian    0.005086 -0.147477      0.151818 -0.089830 -0.032559 -0.019711   \n",
       "Rear Ended   -0.026990  0.214220     -0.210298 -0.221363 -0.080233 -0.048574   \n",
       "Right Turn   -0.007904 -0.062279      0.065028 -0.059501 -0.021566 -0.013056   \n",
       "Sideswipe    -0.016180  0.090510     -0.087653 -0.155948 -0.056523 -0.034219   \n",
       "SEVERITYCODE -0.026552 -0.186691      0.201167  0.094415  0.214749  0.029312   \n",
       "\n",
       "              Left Turn     Other  Parked Car  Pedestrian  Rear Ended  \\\n",
       "Alley         -0.017534  0.049225    0.026556    0.005086   -0.026990   \n",
       "Block         -0.291048  0.135314    0.354953   -0.147477    0.214220   \n",
       "Intersection   0.300600 -0.141354   -0.379300    0.151818   -0.210298   \n",
       "Angles        -0.131989 -0.178646   -0.274923   -0.089830   -0.221363   \n",
       "Cycles        -0.047839 -0.064750   -0.099646   -0.032559   -0.080233   \n",
       "Head On       -0.028962 -0.039200   -0.060326   -0.019711   -0.048574   \n",
       "Left Turn      1.000000 -0.105425   -0.162242   -0.053012   -0.130635   \n",
       "Other         -0.105425  1.000000   -0.219594   -0.071751   -0.176813   \n",
       "Parked Car    -0.162242 -0.219594    1.000000   -0.110420   -0.272103   \n",
       "Pedestrian    -0.053012 -0.071751   -0.110420    1.000000   -0.088908   \n",
       "Rear Ended    -0.130635 -0.176813   -0.272103   -0.088908    1.000000   \n",
       "Right Turn    -0.035114 -0.047526   -0.073140   -0.023898   -0.058891   \n",
       "Sideswipe     -0.092031 -0.124563   -0.191693   -0.062635   -0.154348   \n",
       "SEVERITYCODE   0.057031 -0.035732   -0.311365    0.247090    0.131754   \n",
       "\n",
       "              Right Turn  Sideswipe  SEVERITYCODE  \n",
       "Alley          -0.007904  -0.016180     -0.026552  \n",
       "Block          -0.062279   0.090510     -0.186691  \n",
       "Intersection    0.065028  -0.087653      0.201167  \n",
       "Angles         -0.059501  -0.155948      0.094415  \n",
       "Cycles         -0.021566  -0.056523      0.214749  \n",
       "Head On        -0.013056  -0.034219      0.029312  \n",
       "Left Turn      -0.035114  -0.092031      0.057031  \n",
       "Other          -0.047526  -0.124563     -0.035732  \n",
       "Parked Car     -0.073140  -0.191693     -0.311365  \n",
       "Pedestrian     -0.023898  -0.062635      0.247090  \n",
       "Rear Ended     -0.058891  -0.154348      0.131754  \n",
       "Right Turn      1.000000  -0.041488     -0.026163  \n",
       "Sideswipe      -0.041488   1.000000     -0.119868  \n",
       "SEVERITYCODE   -0.026163  -0.119868      1.000000  "
      ]
     },
     "execution_count": 5,
     "metadata": {},
     "output_type": "execute_result"
    }
   ],
   "source": [
    "#Correlations without data wrangling\n",
    "\n",
    "#Dummy variables for two things\n",
    "crash_df = pd.DataFrame(crash_data, columns = ['ADDRTYPE', 'COLLISIONTYPE'])\n",
    "\n",
    "dummies = pd.get_dummies(crash_df[\"ADDRTYPE\"])\n",
    "dummies2 = pd.get_dummies(crash_df[\"COLLISIONTYPE\"])\n",
    "crash_df = pd.concat([crash_df, dummies], axis=1)\n",
    "crash_df = pd.concat([crash_df, dummies2], axis=1)\n",
    "\n",
    "#Add the Severity code to this\n",
    "crash_df = pd.concat([crash_df, crash_data[\"SEVERITYCODE\"]], axis=1)\n",
    "\n",
    "#Correlate the data\n",
    "crash_df.corr()\n",
    "\n",
    "#Blocks, Parked Cars, and Sideswipes are most correlated with property damage\n",
    "#Intersections, Cycles, and Rear-ends are most correlated with injury collisions"
   ]
  },
  {
   "cell_type": "code",
   "execution_count": 6,
   "metadata": {},
   "outputs": [
    {
     "data": {
      "text/html": [
       "<div>\n",
       "<style scoped>\n",
       "    .dataframe tbody tr th:only-of-type {\n",
       "        vertical-align: middle;\n",
       "    }\n",
       "\n",
       "    .dataframe tbody tr th {\n",
       "        vertical-align: top;\n",
       "    }\n",
       "\n",
       "    .dataframe thead th {\n",
       "        text-align: right;\n",
       "    }\n",
       "</style>\n",
       "<table border=\"1\" class=\"dataframe\">\n",
       "  <thead>\n",
       "    <tr style=\"text-align: right;\">\n",
       "      <th></th>\n",
       "      <th>SEVERITYCODE</th>\n",
       "      <th>PERSONCOUNT</th>\n",
       "      <th>PEDCOUNT</th>\n",
       "      <th>PEDCYLCOUNT</th>\n",
       "      <th>VEHCOUNT</th>\n",
       "      <th>0</th>\n",
       "      <th>1</th>\n",
       "      <th>2</th>\n",
       "      <th>3</th>\n",
       "      <th>4</th>\n",
       "      <th>5</th>\n",
       "      <th>6</th>\n",
       "      <th>7</th>\n",
       "      <th>8</th>\n",
       "      <th>9</th>\n",
       "      <th>10</th>\n",
       "      <th>11</th>\n",
       "      <th>12</th>\n",
       "    </tr>\n",
       "  </thead>\n",
       "  <tbody>\n",
       "    <tr>\n",
       "      <th>SEVERITYCODE</th>\n",
       "      <td>1.000000</td>\n",
       "      <td>0.129730</td>\n",
       "      <td>0.248004</td>\n",
       "      <td>0.215716</td>\n",
       "      <td>-0.080742</td>\n",
       "      <td>0.048308</td>\n",
       "      <td>0.212983</td>\n",
       "      <td>-0.235405</td>\n",
       "      <td>0.070601</td>\n",
       "      <td>0.035451</td>\n",
       "      <td>0.022149</td>\n",
       "      <td>0.006636</td>\n",
       "      <td>0.006010</td>\n",
       "      <td>0.000621</td>\n",
       "      <td>0.005488</td>\n",
       "      <td>0.004947</td>\n",
       "      <td>0.002437</td>\n",
       "      <td>-0.001509</td>\n",
       "    </tr>\n",
       "    <tr>\n",
       "      <th>PERSONCOUNT</th>\n",
       "      <td>0.129730</td>\n",
       "      <td>1.000000</td>\n",
       "      <td>-0.025639</td>\n",
       "      <td>-0.040938</td>\n",
       "      <td>0.400699</td>\n",
       "      <td>-0.024570</td>\n",
       "      <td>-0.239016</td>\n",
       "      <td>-0.018752</td>\n",
       "      <td>0.234629</td>\n",
       "      <td>0.182864</td>\n",
       "      <td>0.123166</td>\n",
       "      <td>0.084047</td>\n",
       "      <td>0.058702</td>\n",
       "      <td>0.040749</td>\n",
       "      <td>0.030433</td>\n",
       "      <td>0.022869</td>\n",
       "      <td>0.033383</td>\n",
       "      <td>0.016171</td>\n",
       "    </tr>\n",
       "    <tr>\n",
       "      <th>PEDCOUNT</th>\n",
       "      <td>0.248004</td>\n",
       "      <td>-0.025639</td>\n",
       "      <td>1.000000</td>\n",
       "      <td>-0.017900</td>\n",
       "      <td>-0.316323</td>\n",
       "      <td>0.059621</td>\n",
       "      <td>0.451427</td>\n",
       "      <td>-0.341488</td>\n",
       "      <td>-0.047353</td>\n",
       "      <td>-0.019269</td>\n",
       "      <td>-0.005562</td>\n",
       "      <td>-0.004326</td>\n",
       "      <td>-0.001271</td>\n",
       "      <td>-0.001690</td>\n",
       "      <td>-0.001309</td>\n",
       "      <td>-0.000617</td>\n",
       "      <td>-0.001069</td>\n",
       "      <td>-0.000436</td>\n",
       "    </tr>\n",
       "    <tr>\n",
       "      <th>PEDCYLCOUNT</th>\n",
       "      <td>0.215716</td>\n",
       "      <td>-0.040938</td>\n",
       "      <td>-0.017900</td>\n",
       "      <td>1.000000</td>\n",
       "      <td>-0.306056</td>\n",
       "      <td>0.198230</td>\n",
       "      <td>0.407079</td>\n",
       "      <td>-0.315819</td>\n",
       "      <td>-0.046250</td>\n",
       "      <td>-0.019556</td>\n",
       "      <td>-0.009093</td>\n",
       "      <td>-0.004772</td>\n",
       "      <td>-0.002678</td>\n",
       "      <td>-0.001529</td>\n",
       "      <td>-0.001184</td>\n",
       "      <td>-0.000558</td>\n",
       "      <td>-0.000967</td>\n",
       "      <td>-0.000395</td>\n",
       "    </tr>\n",
       "    <tr>\n",
       "      <th>VEHCOUNT</th>\n",
       "      <td>-0.080742</td>\n",
       "      <td>0.400699</td>\n",
       "      <td>-0.316323</td>\n",
       "      <td>-0.306056</td>\n",
       "      <td>1.000000</td>\n",
       "      <td>-0.114527</td>\n",
       "      <td>-0.689164</td>\n",
       "      <td>0.099940</td>\n",
       "      <td>0.500788</td>\n",
       "      <td>0.414065</td>\n",
       "      <td>0.287399</td>\n",
       "      <td>0.200616</td>\n",
       "      <td>0.140514</td>\n",
       "      <td>0.096184</td>\n",
       "      <td>0.086859</td>\n",
       "      <td>0.046769</td>\n",
       "      <td>0.091096</td>\n",
       "      <td>0.041308</td>\n",
       "    </tr>\n",
       "    <tr>\n",
       "      <th>0</th>\n",
       "      <td>0.048308</td>\n",
       "      <td>-0.024570</td>\n",
       "      <td>0.059621</td>\n",
       "      <td>0.198230</td>\n",
       "      <td>-0.114527</td>\n",
       "      <td>1.000000</td>\n",
       "      <td>-0.012845</td>\n",
       "      <td>-0.060694</td>\n",
       "      <td>-0.008794</td>\n",
       "      <td>-0.003689</td>\n",
       "      <td>-0.001715</td>\n",
       "      <td>-0.000900</td>\n",
       "      <td>-0.000505</td>\n",
       "      <td>-0.000288</td>\n",
       "      <td>-0.000223</td>\n",
       "      <td>-0.000105</td>\n",
       "      <td>-0.000182</td>\n",
       "      <td>-0.000074</td>\n",
       "    </tr>\n",
       "    <tr>\n",
       "      <th>1</th>\n",
       "      <td>0.212983</td>\n",
       "      <td>-0.239016</td>\n",
       "      <td>0.451427</td>\n",
       "      <td>0.407079</td>\n",
       "      <td>-0.689164</td>\n",
       "      <td>-0.012845</td>\n",
       "      <td>1.000000</td>\n",
       "      <td>-0.741654</td>\n",
       "      <td>-0.107465</td>\n",
       "      <td>-0.045079</td>\n",
       "      <td>-0.020962</td>\n",
       "      <td>-0.011001</td>\n",
       "      <td>-0.006173</td>\n",
       "      <td>-0.003525</td>\n",
       "      <td>-0.002730</td>\n",
       "      <td>-0.001287</td>\n",
       "      <td>-0.002229</td>\n",
       "      <td>-0.000910</td>\n",
       "    </tr>\n",
       "    <tr>\n",
       "      <th>2</th>\n",
       "      <td>-0.235405</td>\n",
       "      <td>-0.018752</td>\n",
       "      <td>-0.341488</td>\n",
       "      <td>-0.315819</td>\n",
       "      <td>0.099940</td>\n",
       "      <td>-0.060694</td>\n",
       "      <td>-0.741654</td>\n",
       "      <td>1.000000</td>\n",
       "      <td>-0.507762</td>\n",
       "      <td>-0.212995</td>\n",
       "      <td>-0.099043</td>\n",
       "      <td>-0.051980</td>\n",
       "      <td>-0.029169</td>\n",
       "      <td>-0.016655</td>\n",
       "      <td>-0.012901</td>\n",
       "      <td>-0.006081</td>\n",
       "      <td>-0.010533</td>\n",
       "      <td>-0.004300</td>\n",
       "    </tr>\n",
       "    <tr>\n",
       "      <th>3</th>\n",
       "      <td>0.070601</td>\n",
       "      <td>0.234629</td>\n",
       "      <td>-0.047353</td>\n",
       "      <td>-0.046250</td>\n",
       "      <td>0.500788</td>\n",
       "      <td>-0.008794</td>\n",
       "      <td>-0.107465</td>\n",
       "      <td>-0.507762</td>\n",
       "      <td>1.000000</td>\n",
       "      <td>-0.030863</td>\n",
       "      <td>-0.014351</td>\n",
       "      <td>-0.007532</td>\n",
       "      <td>-0.004227</td>\n",
       "      <td>-0.002413</td>\n",
       "      <td>-0.001869</td>\n",
       "      <td>-0.000881</td>\n",
       "      <td>-0.001526</td>\n",
       "      <td>-0.000623</td>\n",
       "    </tr>\n",
       "    <tr>\n",
       "      <th>4</th>\n",
       "      <td>0.035451</td>\n",
       "      <td>0.182864</td>\n",
       "      <td>-0.019269</td>\n",
       "      <td>-0.019556</td>\n",
       "      <td>0.414065</td>\n",
       "      <td>-0.003689</td>\n",
       "      <td>-0.045079</td>\n",
       "      <td>-0.212995</td>\n",
       "      <td>-0.030863</td>\n",
       "      <td>1.000000</td>\n",
       "      <td>-0.006020</td>\n",
       "      <td>-0.003159</td>\n",
       "      <td>-0.001773</td>\n",
       "      <td>-0.001012</td>\n",
       "      <td>-0.000784</td>\n",
       "      <td>-0.000370</td>\n",
       "      <td>-0.000640</td>\n",
       "      <td>-0.000261</td>\n",
       "    </tr>\n",
       "    <tr>\n",
       "      <th>5</th>\n",
       "      <td>0.022149</td>\n",
       "      <td>0.123166</td>\n",
       "      <td>-0.005562</td>\n",
       "      <td>-0.009093</td>\n",
       "      <td>0.287399</td>\n",
       "      <td>-0.001715</td>\n",
       "      <td>-0.020962</td>\n",
       "      <td>-0.099043</td>\n",
       "      <td>-0.014351</td>\n",
       "      <td>-0.006020</td>\n",
       "      <td>1.000000</td>\n",
       "      <td>-0.001469</td>\n",
       "      <td>-0.000824</td>\n",
       "      <td>-0.000471</td>\n",
       "      <td>-0.000365</td>\n",
       "      <td>-0.000172</td>\n",
       "      <td>-0.000298</td>\n",
       "      <td>-0.000122</td>\n",
       "    </tr>\n",
       "    <tr>\n",
       "      <th>6</th>\n",
       "      <td>0.006636</td>\n",
       "      <td>0.084047</td>\n",
       "      <td>-0.004326</td>\n",
       "      <td>-0.004772</td>\n",
       "      <td>0.200616</td>\n",
       "      <td>-0.000900</td>\n",
       "      <td>-0.011001</td>\n",
       "      <td>-0.051980</td>\n",
       "      <td>-0.007532</td>\n",
       "      <td>-0.003159</td>\n",
       "      <td>-0.001469</td>\n",
       "      <td>1.000000</td>\n",
       "      <td>-0.000433</td>\n",
       "      <td>-0.000247</td>\n",
       "      <td>-0.000191</td>\n",
       "      <td>-0.000090</td>\n",
       "      <td>-0.000156</td>\n",
       "      <td>-0.000064</td>\n",
       "    </tr>\n",
       "    <tr>\n",
       "      <th>7</th>\n",
       "      <td>0.006010</td>\n",
       "      <td>0.058702</td>\n",
       "      <td>-0.001271</td>\n",
       "      <td>-0.002678</td>\n",
       "      <td>0.140514</td>\n",
       "      <td>-0.000505</td>\n",
       "      <td>-0.006173</td>\n",
       "      <td>-0.029169</td>\n",
       "      <td>-0.004227</td>\n",
       "      <td>-0.001773</td>\n",
       "      <td>-0.000824</td>\n",
       "      <td>-0.000433</td>\n",
       "      <td>1.000000</td>\n",
       "      <td>-0.000139</td>\n",
       "      <td>-0.000107</td>\n",
       "      <td>-0.000051</td>\n",
       "      <td>-0.000088</td>\n",
       "      <td>-0.000036</td>\n",
       "    </tr>\n",
       "    <tr>\n",
       "      <th>8</th>\n",
       "      <td>0.000621</td>\n",
       "      <td>0.040749</td>\n",
       "      <td>-0.001690</td>\n",
       "      <td>-0.001529</td>\n",
       "      <td>0.096184</td>\n",
       "      <td>-0.000288</td>\n",
       "      <td>-0.003525</td>\n",
       "      <td>-0.016655</td>\n",
       "      <td>-0.002413</td>\n",
       "      <td>-0.001012</td>\n",
       "      <td>-0.000471</td>\n",
       "      <td>-0.000247</td>\n",
       "      <td>-0.000139</td>\n",
       "      <td>1.000000</td>\n",
       "      <td>-0.000061</td>\n",
       "      <td>-0.000029</td>\n",
       "      <td>-0.000050</td>\n",
       "      <td>-0.000020</td>\n",
       "    </tr>\n",
       "    <tr>\n",
       "      <th>9</th>\n",
       "      <td>0.005488</td>\n",
       "      <td>0.030433</td>\n",
       "      <td>-0.001309</td>\n",
       "      <td>-0.001184</td>\n",
       "      <td>0.086859</td>\n",
       "      <td>-0.000223</td>\n",
       "      <td>-0.002730</td>\n",
       "      <td>-0.012901</td>\n",
       "      <td>-0.001869</td>\n",
       "      <td>-0.000784</td>\n",
       "      <td>-0.000365</td>\n",
       "      <td>-0.000191</td>\n",
       "      <td>-0.000107</td>\n",
       "      <td>-0.000061</td>\n",
       "      <td>1.000000</td>\n",
       "      <td>-0.000022</td>\n",
       "      <td>-0.000039</td>\n",
       "      <td>-0.000016</td>\n",
       "    </tr>\n",
       "    <tr>\n",
       "      <th>10</th>\n",
       "      <td>0.004947</td>\n",
       "      <td>0.022869</td>\n",
       "      <td>-0.000617</td>\n",
       "      <td>-0.000558</td>\n",
       "      <td>0.046769</td>\n",
       "      <td>-0.000105</td>\n",
       "      <td>-0.001287</td>\n",
       "      <td>-0.006081</td>\n",
       "      <td>-0.000881</td>\n",
       "      <td>-0.000370</td>\n",
       "      <td>-0.000172</td>\n",
       "      <td>-0.000090</td>\n",
       "      <td>-0.000051</td>\n",
       "      <td>-0.000029</td>\n",
       "      <td>-0.000022</td>\n",
       "      <td>1.000000</td>\n",
       "      <td>-0.000018</td>\n",
       "      <td>-0.000007</td>\n",
       "    </tr>\n",
       "    <tr>\n",
       "      <th>11</th>\n",
       "      <td>0.002437</td>\n",
       "      <td>0.033383</td>\n",
       "      <td>-0.001069</td>\n",
       "      <td>-0.000967</td>\n",
       "      <td>0.091096</td>\n",
       "      <td>-0.000182</td>\n",
       "      <td>-0.002229</td>\n",
       "      <td>-0.010533</td>\n",
       "      <td>-0.001526</td>\n",
       "      <td>-0.000640</td>\n",
       "      <td>-0.000298</td>\n",
       "      <td>-0.000156</td>\n",
       "      <td>-0.000088</td>\n",
       "      <td>-0.000050</td>\n",
       "      <td>-0.000039</td>\n",
       "      <td>-0.000018</td>\n",
       "      <td>1.000000</td>\n",
       "      <td>-0.000013</td>\n",
       "    </tr>\n",
       "    <tr>\n",
       "      <th>12</th>\n",
       "      <td>-0.001509</td>\n",
       "      <td>0.016171</td>\n",
       "      <td>-0.000436</td>\n",
       "      <td>-0.000395</td>\n",
       "      <td>0.041308</td>\n",
       "      <td>-0.000074</td>\n",
       "      <td>-0.000910</td>\n",
       "      <td>-0.004300</td>\n",
       "      <td>-0.000623</td>\n",
       "      <td>-0.000261</td>\n",
       "      <td>-0.000122</td>\n",
       "      <td>-0.000064</td>\n",
       "      <td>-0.000036</td>\n",
       "      <td>-0.000020</td>\n",
       "      <td>-0.000016</td>\n",
       "      <td>-0.000007</td>\n",
       "      <td>-0.000013</td>\n",
       "      <td>1.000000</td>\n",
       "    </tr>\n",
       "  </tbody>\n",
       "</table>\n",
       "</div>"
      ],
      "text/plain": [
       "              SEVERITYCODE  PERSONCOUNT  PEDCOUNT  PEDCYLCOUNT  VEHCOUNT  \\\n",
       "SEVERITYCODE      1.000000     0.129730  0.248004     0.215716 -0.080742   \n",
       "PERSONCOUNT       0.129730     1.000000 -0.025639    -0.040938  0.400699   \n",
       "PEDCOUNT          0.248004    -0.025639  1.000000    -0.017900 -0.316323   \n",
       "PEDCYLCOUNT       0.215716    -0.040938 -0.017900     1.000000 -0.306056   \n",
       "VEHCOUNT         -0.080742     0.400699 -0.316323    -0.306056  1.000000   \n",
       "0                 0.048308    -0.024570  0.059621     0.198230 -0.114527   \n",
       "1                 0.212983    -0.239016  0.451427     0.407079 -0.689164   \n",
       "2                -0.235405    -0.018752 -0.341488    -0.315819  0.099940   \n",
       "3                 0.070601     0.234629 -0.047353    -0.046250  0.500788   \n",
       "4                 0.035451     0.182864 -0.019269    -0.019556  0.414065   \n",
       "5                 0.022149     0.123166 -0.005562    -0.009093  0.287399   \n",
       "6                 0.006636     0.084047 -0.004326    -0.004772  0.200616   \n",
       "7                 0.006010     0.058702 -0.001271    -0.002678  0.140514   \n",
       "8                 0.000621     0.040749 -0.001690    -0.001529  0.096184   \n",
       "9                 0.005488     0.030433 -0.001309    -0.001184  0.086859   \n",
       "10                0.004947     0.022869 -0.000617    -0.000558  0.046769   \n",
       "11                0.002437     0.033383 -0.001069    -0.000967  0.091096   \n",
       "12               -0.001509     0.016171 -0.000436    -0.000395  0.041308   \n",
       "\n",
       "                     0         1         2         3         4         5  \\\n",
       "SEVERITYCODE  0.048308  0.212983 -0.235405  0.070601  0.035451  0.022149   \n",
       "PERSONCOUNT  -0.024570 -0.239016 -0.018752  0.234629  0.182864  0.123166   \n",
       "PEDCOUNT      0.059621  0.451427 -0.341488 -0.047353 -0.019269 -0.005562   \n",
       "PEDCYLCOUNT   0.198230  0.407079 -0.315819 -0.046250 -0.019556 -0.009093   \n",
       "VEHCOUNT     -0.114527 -0.689164  0.099940  0.500788  0.414065  0.287399   \n",
       "0             1.000000 -0.012845 -0.060694 -0.008794 -0.003689 -0.001715   \n",
       "1            -0.012845  1.000000 -0.741654 -0.107465 -0.045079 -0.020962   \n",
       "2            -0.060694 -0.741654  1.000000 -0.507762 -0.212995 -0.099043   \n",
       "3            -0.008794 -0.107465 -0.507762  1.000000 -0.030863 -0.014351   \n",
       "4            -0.003689 -0.045079 -0.212995 -0.030863  1.000000 -0.006020   \n",
       "5            -0.001715 -0.020962 -0.099043 -0.014351 -0.006020  1.000000   \n",
       "6            -0.000900 -0.011001 -0.051980 -0.007532 -0.003159 -0.001469   \n",
       "7            -0.000505 -0.006173 -0.029169 -0.004227 -0.001773 -0.000824   \n",
       "8            -0.000288 -0.003525 -0.016655 -0.002413 -0.001012 -0.000471   \n",
       "9            -0.000223 -0.002730 -0.012901 -0.001869 -0.000784 -0.000365   \n",
       "10           -0.000105 -0.001287 -0.006081 -0.000881 -0.000370 -0.000172   \n",
       "11           -0.000182 -0.002229 -0.010533 -0.001526 -0.000640 -0.000298   \n",
       "12           -0.000074 -0.000910 -0.004300 -0.000623 -0.000261 -0.000122   \n",
       "\n",
       "                     6         7         8         9        10        11  \\\n",
       "SEVERITYCODE  0.006636  0.006010  0.000621  0.005488  0.004947  0.002437   \n",
       "PERSONCOUNT   0.084047  0.058702  0.040749  0.030433  0.022869  0.033383   \n",
       "PEDCOUNT     -0.004326 -0.001271 -0.001690 -0.001309 -0.000617 -0.001069   \n",
       "PEDCYLCOUNT  -0.004772 -0.002678 -0.001529 -0.001184 -0.000558 -0.000967   \n",
       "VEHCOUNT      0.200616  0.140514  0.096184  0.086859  0.046769  0.091096   \n",
       "0            -0.000900 -0.000505 -0.000288 -0.000223 -0.000105 -0.000182   \n",
       "1            -0.011001 -0.006173 -0.003525 -0.002730 -0.001287 -0.002229   \n",
       "2            -0.051980 -0.029169 -0.016655 -0.012901 -0.006081 -0.010533   \n",
       "3            -0.007532 -0.004227 -0.002413 -0.001869 -0.000881 -0.001526   \n",
       "4            -0.003159 -0.001773 -0.001012 -0.000784 -0.000370 -0.000640   \n",
       "5            -0.001469 -0.000824 -0.000471 -0.000365 -0.000172 -0.000298   \n",
       "6             1.000000 -0.000433 -0.000247 -0.000191 -0.000090 -0.000156   \n",
       "7            -0.000433  1.000000 -0.000139 -0.000107 -0.000051 -0.000088   \n",
       "8            -0.000247 -0.000139  1.000000 -0.000061 -0.000029 -0.000050   \n",
       "9            -0.000191 -0.000107 -0.000061  1.000000 -0.000022 -0.000039   \n",
       "10           -0.000090 -0.000051 -0.000029 -0.000022  1.000000 -0.000018   \n",
       "11           -0.000156 -0.000088 -0.000050 -0.000039 -0.000018  1.000000   \n",
       "12           -0.000064 -0.000036 -0.000020 -0.000016 -0.000007 -0.000013   \n",
       "\n",
       "                    12  \n",
       "SEVERITYCODE -0.001509  \n",
       "PERSONCOUNT   0.016171  \n",
